50.012207    0    0.000000E+00    0.000000E+00    0.000000E+00    0.000000E+00    0.000000E+00    27.393068    0.100000
50.402832    0    0.000000E+00    0.000000E+00    0.000000E+00    0.000000E+00    0.000000E+00    27.173020    0.100000
50.793457    0    0.000000E+00    0.000000E+00    0.000000E+00    0.000000E+00    0.000000E+00    26.956357    0.100000
51.184082    1    4.645469E+03    -3.444000E-02    -9.925500E-02    0.000000E+00    -9.925500E-02    26.743000    0.100000
51.574707    1    4.556501E+03    7.189500E-02    2.124400E-02    0.000000E+00    2.124400E-02    26.532876    0.100000
51.965332    1    4.469792E+03    6.918400E-02    3.253300E-02    0.000000E+00    3.253300E-02    26.325910    0.100000
52.355957    1    4.385322E+03    2.112100E-02    -1.962000E-03    0.000000E+00    -1.962000E-03    26.122033    0.100000
52.746582    1    4.303120E+03    3.371800E-02    2.354600E-02    0.000000E+00    2.354600E-02    25.921176    0.100000
53.137207    1    4.223018E+03    1.310400E-02    1.500100E-02    0.000000E+00    1.500100E-02    25.723271    0.100000
53.527832    1    4.145009E+03    2.616300E-02    3.914000E-02    0.000000E+00    3.914000E-02    25.528255    0.100000
53.918457    1    4.068957E+03    5.077000E-03    2.802500E-02    -1.000000E-06    2.802400E-02    25.336065    0.100000
54.309082    1    3.994773E+03    -7.446400E-02    -4.274200E-02    -1.000000E-06    -4.274300E-02    25.146640    0.100000
54.699707    1    3.922601E+03    -4.788000E-03    3.444400E-02    -2.000000E-06    3.444200E-02    24.959920    0.100000
55.090332    1    3.852175E+03    8.095000E-03    5.352900E-02    -3.000000E-06    5.352600E-02    24.775848    0.100000
55.480957    1    3.783443E+03    -2.781600E-02    2.248300E-02    -5.000000E-06    2.247800E-02    24.594367    0.100000
55.871582    1    3.716418E+03    -4.652700E-02    7.294000E-03    -7.000000E-06    7.287000E-03    24.415425    0.100000
56.262207    1    3.651043E+03    -4.926000E-02    6.738000E-03    -1.200000E-05    6.726000E-03    24.238967    0.100000
56.652832    1    3.587216E+03    -8.640500E-02    -2.955600E-02    -1.900000E-05    -2.957500E-02    24.064943    0.100000
57.043457    1    3.525005E+03    -4.290400E-02    1.349600E-02    -2.900000E-05    1.346700E-02    23.893302    0.100000
57.434082    1    3.464256E+03    -2.277400E-02    3.191100E-02    -4.400000E-05    3.186700E-02    23.723996    0.100000
57.824707    1    3.404864E+03    -8.756300E-02    -3.581700E-02    -6.800000E-05    -3.588500E-02    23.556977    0.100000
58.215332    1    3.346944E+03    -7.677100E-02    -2.913600E-02    -1.030000E-04    -2.923900E-02    23.392200    0.100000
58.605957    1    3.290363E+03    -8.080600E-02    -3.839900E-02    -1.540000E-04    -3.855300E-02    23.229619    0.100000
58.996582    1    3.235084E+03    -9.789600E-02    -6.177000E-02    -2.300000E-04    -6.200000E-02    23.069191    0.100000
59.387207    1    3.181100E+03    -9.484000E-02    -6.598000E-02    -3.400000E-04    -6.632000E-02    22.910874    0.100000
59.777832    1    3.128371E+03    -7.301800E-02    -5.233400E-02    -4.990000E-04    -5.283300E-02    22.754625    0.100000
60.168457    1    3.076863E+03    -3.137500E-02    -1.969500E-02    -7.270000E-04    -2.042200E-02    22.600406    0.100000
60.559082    1    3.026482E+03    -2.861400E-02    -2.667500E-02    -1.049000E-03    -2.772400E-02    22.448176    0.100000
60.949707    1    2.977256E+03    -2.523000E-03    -1.096300E-02    -1.502000E-03    -1.246500E-02    22.297897    0.100000
61.340332    1    2.929127E+03    2.123600E-02    1.889000E-03    -2.133000E-03    -2.440000E-04    22.149532    0.100000
61.730957    1    2.882056E+03    3.402400E-02    3.372000E-03    -3.005000E-03    3.670000E-04    22.003045    0.100000
62.121582    1    2.836036E+03    6.069800E-02    1.848300E-02    -4.196000E-03    1.428700E-02    21.858400    0.100000
62.512207    1    2.791017E+03    7.992900E-02    2.606200E-02    -5.811000E-03    2.025100E-02    21.715563    0.100000
62.902832    1    2.746988E+03    1.078310E-01    4.241200E-02    -7.979000E-03    3.443300E-02    21.574500    0.100000
63.293457    1    2.703876E+03    1.003080E-01    2.365700E-02    -1.085900E-02    1.279800E-02    21.435178    0.100000
63.684082    1    2.661704E+03    1.062230E-01    1.891700E-02    -1.464700E-02    4.270000E-03    21.297566    0.100000
64.074707    1    2.620398E+03    7.623300E-02    -2.086200E-02    -1.957600E-02    -4.043800E-02    21.161631    0.100000
64.465332    1    2.580027E+03    1.038440E-01    -1.848000E-03    -2.591700E-02    -2.776500E-02    21.027343    0.100000
64.855957    1    2.540522E+03    1.450080E-01    3.227200E-02    -3.397600E-02    -1.704000E-03    20.894673    0.100000
65.246582    1    2.501783E+03    1.213180E-01    3.478000E-03    -4.408600E-02    -4.060800E-02    20.763592    0.100000
65.637207    1    2.463901E+03    1.474090E-01    2.680100E-02    -5.659500E-02    -2.979400E-02    20.634071    0.100000
66.027832    1    2.426767E+03    1.334990E-01    1.284700E-02    -7.184200E-02    -5.899500E-02    20.506082    0.100000
66.418457    1    2.390411E+03    1.331270E-01    1.549900E-02    -9.012400E-02    -7.462500E-02    20.379599    0.100000
66.809082    1    2.354781E+03    1.118620E-01    5.900000E-04    -1.116610E-01    -1.110710E-01    20.254595    0.100000
67.199707    1    2.319910E+03    1.232960E-01    2.184500E-02    -1.365440E-01    -1.146990E-01    20.131045    0.100000
67.590332    1    2.285714E+03    1.029630E-01    1.475900E-02    -1.646930E-01    -1.499340E-01    20.008922    0.100000
67.980957    1    2.252198E+03    7.259500E-02    8.040000E-04    -1.958110E-01    -1.950070E-01    19.888203    0.100000
68.371582    1    2.219345E+03    3.352800E-02    -1.917900E-02    -2.293640E-01    -2.485430E-01    19.768863    0.100000
68.762207    1    2.187186E+03    3.412300E-02    2.433000E-03    -2.645800E-01    -2.621470E-01    19.650879    0.100000
69.152832    1    2.155648E+03    1.728500E-02    7.604000E-03    -3.004870E-01    -2.928830E-01    19.534228    0.100000
69.543457    1    2.124736E+03    4.604000E-03    1.686000E-02    -3.359870E-01    -3.191270E-01    19.418887    0.100000
69.934082    1    2.094433E+03    -4.840000E-03    2.818800E-02    -3.699630E-01    -3.417750E-01    19.304835    0.100000
70.324707    1    2.064693E+03    -4.355500E-02    8.089000E-03    -4.013910E-01    -3.933020E-01    19.192050    0.100000
70.715332    1    2.035532E+03    -8.071600E-02    -1.339800E-02    -4.294620E-01    -4.428600E-01    19.080511    0.100000
71.105957    1    2.006965E+03    -8.547700E-02    -5.927000E-03    -4.536530E-01    -4.595800E-01    18.970197    0.100000
71.496582    1    1.978921E+03    -1.165640E-01    -2.839900E-02    -4.737670E-01    -5.021660E-01    18.861089    0.100000
71.887207    1    1.951475E+03    -8.429300E-02    8.999000E-03    -4.899090E-01    -4.809100E-01    18.753167    0.100000
72.277832    1    1.924498E+03    -1.067860E-01    -1.149000E-02    -5.024290E-01    -5.139190E-01    18.646411    0.100000
72.668457    1    1.898055E+03    -1.043860E-01    -9.683000E-03    -5.118310E-01    -5.215140E-01    18.540803    0.100000
73.059082    1    1.872096E+03    -1.160100E-01    -2.391400E-02    -5.186860E-01    -5.426000E-01    18.436324    0.100000
73.449707    1    1.846637E+03    -1.144100E-01    -2.635800E-02    -5.235530E-01    -5.499110E-01    18.332957    0.100000
73.840332    1    1.821665E+03    -9.976000E-02    -1.667500E-02    -5.269330E-01    -5.436080E-01    18.230683    0.100000
74.230957    1    1.797146E+03    -9.584600E-02    -1.822800E-02    -5.292380E-01    -5.474660E-01    18.129485    0.100000
74.621582    1    1.773077E+03    -9.361800E-02    -2.163400E-02    -5.307900E-01    -5.524240E-01    18.029347    0.100000
75.012207    1    1.749499E+03    -4.266900E-02    2.376200E-02    -5.318250E-01    -5.080630E-01    17.930252    0.100000
75.402832    1    1.726295E+03    -4.950000E-02    1.163500E-02    -5.325120E-01    -5.208770E-01    17.832184    0.100000
75.793457    1    1.703525E+03    -4.426200E-02    1.196000E-02    -5.329680E-01    -5.210080E-01    17.735126    0.100000
76.184082    1    1.681169E+03    -3.673600E-02    1.503700E-02    -5.332700E-01    -5.182330E-01    17.639064    0.100000
76.574707    1    1.659186E+03    -5.952900E-02    -1.168000E-02    -5.334690E-01    -5.451490E-01    17.543982    0.100000
76.965332    1    1.637637E+03    -4.171100E-02    2.774000E-03    -5.335990E-01    -5.308250E-01    17.449865    0.100000
77.355957    1    1.616471E+03    -2.511100E-02    1.659500E-02    -5.336790E-01    -5.170840E-01    17.356699    0.100000
77.746582    1    1.595658E+03    -3.248200E-02    7.047000E-03    -5.337230E-01    -5.266760E-01    17.264469    0.100000
78.137207    1    1.575214E+03    -3.803000E-02    -6.900000E-05    -5.337370E-01    -5.338060E-01    17.173160    0.100000
78.527832    1    1.555132E+03    -3.997800E-02    -2.971000E-03    -5.337230E-01    -5.366940E-01    17.082761    0.100000
78.918457    1    1.535411E+03    -3.339500E-02    3.270000E-03    -5.336790E-01    -5.304090E-01    16.993256    0.100000
79.309082    1    1.516042E+03    -1.883200E-02    1.809500E-02    -5.335990E-01    -5.155040E-01    16.904633    0.100000
79.699707    1    1.496987E+03    -2.649400E-02    1.128900E-02    -5.334690E-01    -5.221800E-01    16.816879    0.100000
80.090332    1    1.478250E+03    -4.427800E-02    -5.070000E-03    -5.332700E-01    -5.383400E-01    16.729980    0.100000
80.480957    1    1.459843E+03    -5.444200E-02    -1.327100E-02    -5.329680E-01    -5.462390E-01    16.643925    0.100000
80.871582    1    1.441766E+03    -4.861700E-02    -5.002000E-03    -5.325120E-01    -5.375140E-01    16.558702    0.100000
81.262207    1    1.423968E+03    -7.192100E-02    -2.546100E-02    -5.318250E-01    -5.572860E-01    16.474298    0.100000
81.652832    1    1.406503E+03    -6.389500E-02    -1.430700E-02    -5.307900E-01    -5.450970E-01    16.390701    0.100000
82.043457    1    1.389349E+03    -4.002100E-02    1.280500E-02    -5.292380E-01    -5.164330E-01    16.307901    0.100000
82.434082    1    1.372447E+03    -5.291000E-02    3.021000E-03    -5.269330E-01    -5.239120E-01    16.225885    0.100000
82.824707    1    1.355856E+03    -3.709100E-02    2.148800E-02    -5.235530E-01    -5.020650E-01    16.144643    0.100000
83.215332    1    1.339507E+03    -5.589500E-02    4.456000E-03    -5.186860E-01    -5.142300E-01    16.064163    0.100000
83.605957    1    1.323447E+03    -5.720400E-02    3.539000E-03    -5.118310E-01    -5.082920E-01    15.984436    0.100000
83.996582    1    1.307672E+03    -3.821300E-02    2.097600E-02    -5.024290E-01    -4.814530E-01    15.905450    0.100000
84.387207    1    1.292128E+03    -4.810400E-02    7.008000E-03    -4.899090E-01    -4.829010E-01    15.827195    0.100000
84.777832    1    1.276859E+03    -3.729500E-02    1.070600E-02    -4.737670E-01    -4.630610E-01    15.749662    0.100000
85.168457    1    1.261846E+03    -1.975200E-02    1.774900E-02    -4.536530E-01    -4.359040E-01    15.672839    0.100000
85.559082    1    1.247069E+03    -9.115000E-03    1.438400E-02    -4.294620E-01    -4.150780E-01    15.596719    0.100000
85.949707    1    1.232524E+03    -7.283000E-03    -1.098000E-03    -4.013910E-01    -4.024890E-01    15.521290    0.100000
86.340332    1    1.218215E+03    -2.523000E-03    -1.644900E-02    -3.699630E-01    -3.864120E-01    15.446543    0.100000
86.730957    1    1.204157E+03    2.329700E-02    -1.273200E-02    -3.359870E-01    -3.487190E-01    15.372470    0.100000
87.121582    1    1.190310E+03    3.607100E-02    -2.304100E-02    -3.004870E-01    -3.235280E-01    15.299061    0.100000
87.512207    1    1.176707E+03    7.186200E-02    -1.020100E-02    -2.645800E-01    -2.747810E-01    15.226308    0.100000
87.902832    1    1.163327E+03    1.142680E-01    1.047500E-02    -2.293640E-01    -2.188890E-01    15.154201    0.100000
88.293457    1    1.150133E+03    1.316930E-01    8.356000E-03    -1.958110E-01    -1.874550E-01    15.082732    0.100000
88.684082    1    1.137135E+03    1.372800E-01    -2.654000E-03    -1.646930E-01    -1.673470E-01    15.011893    0.100000
89.074707    1    1.124341E+03    1.439180E-01    -9.136000E-03    -1.365440E-01    -1.456800E-01    14.941675    0.100000
89.465332    1    1.111754E+03    1.574990E-01    -4.912000E-03    -1.116610E-01    -1.165730E-01    14.872070    0.100000
89.855957    1    1.099340E+03    1.491850E-01    -1.874900E-02    -9.012400E-02    -1.088730E-01    14.803070    0.100000
90.246582    1    1.087103E+03    1.254520E-01    -4.426900E-02    -7.184200E-02    -1.161110E-01    14.734668    0.100000
90.637207    1    1.075100E+03    1.485330E-01    -1.946800E-02    -5.659500E-02    -7.606300E-02    14.666855    0.100000
91.027832    1    1.063280E+03    1.693620E-01    6.283000E-03    -4.408600E-02    -3.780300E-02    14.599625    0.100000
91.418457    1    1.051615E+03    1.659540E-01    1.065000E-02    -3.397600E-02    -2.332600E-02    14.532968    0.100000
91.809082    1    1.040111E+03    1.451840E-01    1.540000E-04    -2.591700E-02    -2.576300E-02    14.466879    0.100000
92.199707    1    1.028772E+03    1.150830E-01    -1.751800E-02    -1.957600E-02    -3.709400E-02    14.401350    0.100000
92.590332    1    1.017604E+03    8.581800E-02    -3.251400E-02    -1.464700E-02    -4.716100E-02    14.336374    0.100000
92.980957    1    1.006596E+03    4.940000E-02    -5.310200E-02    -1.085900E-02    -6.396100E-02    14.271944    0.100000
93.371582    1    9.958082E+02    6.828700E-02    -1.706500E-02    -7.979000E-03    -2.504400E-02    14.208053    0.100000
93.762207    1    9.851749E+02    8.090400E-02    1.381700E-02    -5.811000E-03    8.006000E-03    14.144695    0.100000
94.152832    1    9.746652E+02    5.882300E-02    1.094800E-02    -4.196000E-03    6.752000E-03    14.081862    0.100000
94.543457    1    9.643205E+02    4.654100E-02    1.868700E-02    -3.005000E-03    1.568200E-02    14.019548    0.100000
94.934082    1    9.541569E+02    6.306000E-02    5.592600E-02    -2.133000E-03    5.379300E-02    13.957747    0.100000
95.324707    1    9.440636E+02    3.360000E-04    1.452800E-02    -1.502000E-03    1.302600E-02    13.896453    0.100000
95.715332    1    9.341370E+02    -4.244400E-02    -6.386000E-03    -1.049000E-03    -7.435000E-03    13.835659    0.100000
96.105957    1    9.244374E+02    -2.388000E-03    5.601800E-02    -7.270000E-04    5.529100E-02    13.775359    0.100000
96.496582    1    9.147781E+02    -6.341900E-02    1.777300E-02    -4.990000E-04    1.727400E-02    13.715547    0.100000
96.887207    1    9.052945E+02    -8.762200E-02    1.676000E-02    -3.400000E-04    1.642000E-02    13.656218    0.100000
97.277832    1    8.959207E+02    -1.383530E-01    -1.040700E-02    -2.300000E-04    -1.063700E-02    13.597365    0.100000
97.668457    1    8.866923E+02    -1.776000E-01    -2.573600E-02    -1.540000E-04    -2.589000E-02    13.538983    0.100000
98.059082    1    8.776429E+02    -1.693770E-01    6.739000E-03    -1.030000E-04    6.636000E-03    13.481066    0.100000
98.449707    1    8.687019E+02    -1.818030E-01    1.888400E-02    -6.800000E-05    1.881600E-02    13.423608    0.100000
98.840332    1    8.598228E+02    -2.591450E-01    -3.358100E-02    -4.400000E-05    -3.362500E-02    13.366605    0.100000
99.230957    0    0.000000E+00    0.000000E+00    0.000000E+00    0.000000E+00    0.000000E+00    13.310050    0.100000
99.621582    0    0.000000E+00    0.000000E+00    0.000000E+00    0.000000E+00    0.000000E+00    13.253939    0.100000
